640	4			
0.5339912	1	1	1	1
1.024715	1	1	1	1
1.073394	1	1	1	1
1.498293	1	1	1	1
2.030092	1	1	1	1
2.117375	1	1	1	1
2.193371	1	1	1	1
2.508012	1	1	1	1
3.019113	1	1	1	1
3.129133	1	1	1	1
3.52011	1	1	1	1
3.996153	1	1	1	1
4.165302	1	1	1	1
4.362445	1	1	1	1
4.409606	1	1	1	1
4.49654	1	1	1	1
4.963394	1	1	1	1
5.158255	1	1	1	1
5.43926	1	1	1	1
5.945146	1	1	1	1
6.182392	1	1	1	1
6.38546	1	1	1	1
6.431767	1	1	1	1
6.970011	1	1	1	1
7.274167	1	1	1	1
7.474105	1	1	1	1
8.008636	1	1	1	1
8.333817	1	1	1	1
8.541019	1	1	1	1
8.65197	1	1	1	1
8.794683	1	1	1	1
9.0394	1	1	1	1
9.421355	1	1	1	1
9.545959	1	1	1	1
10.04452	1	1	1	1
10.45376	1	1	1	1
10.53237	1	1	1	1
10.77937	1	1	1	1
11.0614	1	1	1	1
11.50084	1	1	1	1
11.53641	1	1	1	1
12.04914	1	1	1	1
12.55029	1	1	1	1
12.56287	1	1	1	1
12.953	1	1	1	1
13.03747	1	1	1	1
13.1119	1	1	1	1
13.55015	1	1	1	1
13.56387	1	1	1	1
14.04419	1	1	1	1
14.58446	1	1	1	1
14.66767	1	1	1	1
15.09857	1	1	1	1
15.20291	1	1	1	1
15.61061	1	1	1	1
15.72542	1	1	1	1
16.13212	1	1	1	1
16.62153	1	1	1	1
16.78295	1	1	1	1
17.13717	1	1	1	1
17.32835	1	1	1	1
17.6298	1	1	1	1
17.64765	1	1	1	1
17.87231	1	1	1	1
18.14268	1	1	1	1
18.65474	1	1	1	1
18.88078	1	1	1	1
19.13483	1	1	1	1
19.54399	1	1	1	1
19.63677	1	1	1	1
19.91878	1	1	1	1
20.14378	1	1	1	1
20.59888	1	1	1	1
20.91355	1	1	1	1
21.08918	1	1	1	1
21.56179	1	1	1	1
21.57192	1	1	1	1
21.84688	1	1	1	1
21.92212	1	1	1	1
22.03449	1	1	1	1
22.55379	1	1	1	1
22.96231	1	1	1	1
23.02646	1	1	1	1
23.53581	1	1	1	1
23.73355	1	1	1	1
24.01089	1	1	1	1
24.06402	1	1	1	1
24.54815	1	1	1	1
25.0446	1	1	1	1
25.05606	1	1	1	1
25.53824	1	1	1	1
25.9515	1	1	1	1
26.04479	1	1	1	1
26.09717	1	1	1	1
26.2433	1	1	1	1
26.55792	1	1	1	1
27.03481	1	1	1	1
27.12457	1	1	1	1
27.54434	1	1	1	1
28.01487	1	1	1	1
28.0381	1	1	1	1
28.17037	1	1	1	1
28.5282	1	1	1	1
29.03664	1	1	1	1
29.18551	1	1	1	1
29.55132	1	1	1	1
30.04052	1	1	1	1
30.21038	1	1	1	1
30.25695	1	1	1	1
30.55266	1	1	1	1
30.66527	1	1	1	1
31.05786	1	1	1	1
31.33007	1	1	1	1
31.57476	1	1	1	1
32.08975	1	1	1	1
32.33426	1	1	1	1
32.35619	1	1	1	1
32.6097	1	1	1	1
33.10956	1	1	1	1
33.45388	1	1	1	1
33.62261	1	1	1	1
34.12844	1	1	1	1
34.48132	1	1	1	1
34.58662	1	1	1	1
34.6156	1	1	1	1
34.98461	1	1	1	1
35.10233	1	1	1	1
35.51967	1	1	1	1
35.59354	1	1	1	1
36.09276	1	1	1	1
36.57075	1	1	1	1
36.59334	1	1	1	1
36.73933	1	1	1	1
37.06408	1	1	1	1
37.5634	1	1	1	1
37.56541	1	1	1	1
38.07632	1	1	1	1
38.5859	1	1	1	1
38.6095	1	1	1	1
38.78198	1	1	1	1
39.08442	1	1	1	1
39.36354	1	1	1	1
39.56187	1	1	1	1
39.63296	1	1	1	1
40.07777	1	1	1	1
40.59221	1	1	1	1
40.68866	1	1	1	1
40.99354	1	1	1	1
41.08479	1	1	1	1
41.57402	1	1	1	1
41.74847	1	1	1	1
42.05452	1	1	1	1
42.56182	1	1	1	1
42.75101	1	1	1	1
43.05712	1	1	1	1
43.07969	1	1	1	1
43.55133	1	1	1	1
43.59692	1	1	1	1
43.80483	1	1	1	1
44.05788	1	1	1	1
44.5344	1	1	1	1
44.85467	1	1	1	1
45.04383	1	1	1	1
45.21824	1	1	1	1
45.52876	1	1	1	1
45.82276	1	1	1	1
46.0125	1	1	1	1
46.52431	1	1	1	1
46.90496	1	1	1	1
47.01341	1	1	1	1
47.40236	1	1	1	1
47.53265	1	1	1	1
47.94159	1	1	1	1
47.98138	1	1	1	1
48.03265	1	1	1	1
48.52567	1	1	1	1
48.99017	1	1	1	1
49.03415	1	1	1	1
49.51494	1	1	1	1
49.53145	1	1	1	1
50.02009	1	1	1	1
50.04941	1	1	1	1
50.50869	1	1	1	1
51.01767	1	1	1	1
51.02964	1	1	1	1
51.49111	1	1	1	1
51.68169	1	1	1	1
51.99693	1	1	1	1
52.06141	1	1	1	1
52.43703	1	1	1	1
52.49314	1	1	1	1
52.98271	1	1	1	1
53.06897	1	1	1	1
53.46423	1	1	1	1
53.85548	1	1	1	1
53.97375	1	1	1	1
54.13076	1	1	1	1
54.45831	1	1	1	1
54.96253	1	1	1	1
55.17931	1	1	1	1
55.46461	1	1	1	1
55.92941	1	1	1	1
55.99279	1	1	1	1
56.22099	1	1	1	1
56.4437	1	1	1	1
56.6328	1	1	1	1
56.96313	1	1	1	1
57.24834	1	1	1	1
57.47503	1	1	1	1
57.95426	1	1	1	1
58.11316	1	1	1	1
58.28651	1	1	1	1
58.47607	1	1	1	1
58.96673	1	1	1	1
59.33974	1	1	1	1
59.46143	1	1	1	1
59.93106	1	1	1	1
60.19409	1	1	1	1
60.38398	1	1	1	1
60.45387	1	1	1	1
60.96419	1	1	1	1
61.03574	1	1	1	1
61.43081	1	1	1	1
61.46305	1	1	1	1
61.9768	1	1	1	1
62.42781	1	1	1	1
62.46678	1	1	1	1
62.48556	1	1	1	1
62.9705	1	1	1	1
63.4855	1	1	1	1
63.51442	1	1	1	1
63.99487	1	1	1	1
64.47409	1	1	1	1
64.57306	1	1	1	1
64.59854	1	1	1	1
64.97801	1	1	1	1
65.33888	1	1	1	1
65.50466	1	1	1	1
65.63328	1	1	1	1
66.00415	1	1	1	1
66.49955	1	1	1	1
66.66963	1	1	1	1
66.7267	1	1	1	1
67.01879	1	1	1	1
67.49242	1	1	1	1
67.73872	1	1	1	1
68.00744	1	1	1	1
68.50503	1	1	1	1
68.75388	1	1	1	1
68.89075	1	1	1	1
68.99292	1	1	1	1
69.48255	1	1	1	1
69.7517	1	1	1	1
69.80502	1	1	1	1
69.96442	1	1	1	1
70.48101	1	1	1	1
70.83768	1	1	1	1
70.97978	1	1	1	1
71.01354	1	1	1	1
71.46912	1	1	1	1
71.87072	1	1	1	1
71.98155	1	1	1	1
72.4617	1	1	1	1
72.93135	1	1	1	1
72.96285	1	1	1	1
73.18386	1	1	1	1
73.46987	1	1	1	1
73.95032	1	1	1	1
73.95905	1	1	1	1
74.21504	1	1	1	1
74.47815	1	1	1	1
74.97852	1	1	1	1
74.9956	1	1	1	1
75.34205	1	1	1	1
75.48684	1	1	1	1
75.98113	1	1	1	1
76.02238	1	1	1	1
76.48074	1	1	1	1
77.01785	1	1	1	1
77.09319	1	1	1	1
77.48624	1	1	1	1
77.52067	1	1	1	1
78.01811	1	1	1	1
78.17265	1	1	1	1
78.49516	1	1	1	1
78.53925	1	1	1	1
79.02351	1	1	1	1
79.23338	1	1	1	1
79.56225	1	1	1	1
79.72781	1	1	1	1
80.06378	1	1	1	1
80.27149	1	1	1	1
81.33379	1	1	1	1
81.84281	1	1	1	1
82.36171	1	1	1	1
82.97198	1	1	1	1
83.37585	1	1	1	1
83.97991	1	1	1	1
84.41023	1	1	1	1
85.41487	1	1	1	1
86.14117	1	1	1	1
86.44969	1	1	1	1
87.14462	1	1	1	1
87.49258	1	1	1	1
88.21427	1	1	1	1
88.52267	1	1	1	1
89.56084	1	1	1	1
90.40437	1	1	1	1
90.58588	1	1	1	1
91.51919	1	1	1	1
91.63819	1	1	1	1
92.57227	1	1	1	1
92.64886	1	1	1	1
93.71037	1	1	1	1
94.6827	1	1	1	1
94.74991	1	1	1	1
95.81713	1	1	1	1
95.98258	1	1	1	1
96.84906	1	1	1	1
96.8717	1	1	1	1
97.87809	1	1	1	1
98.89673	1	1	1	1
98.91558	1	1	1	1
99.9142	1	1	1	1
100.1894	1	1	1	1
100.9351	1	1	1	1
101.1116	1	1	1	1
101.9858	1	1	1	1
103.038	1	1	1	1
103.2911	1	1	1	1
104.0475	1	1	1	1
104.6225	1	1	1	1
105.1178	1	1	1	1
105.3699	1	1	1	1
106.1587	1	1	1	1
107.2231	1	1	1	1
107.5817	1	1	1	1
108.2549	1	1	1	1
109.0564	1	1	1	1
109.3078	1	1	1	1
109.6738	1	1	1	1
110.3653	1	1	1	1
111.4079	1	1	1	1
111.8619	1	1	1	1
112.4043	1	1	1	1
113.2701	1	1	1	1
113.4153	1	1	1	1
114.0555	1	1	1	1
114.4699	1	1	1	1
115.4753	1	1	1	1
116.0659	1	1	1	1
116.474	1	1	1	1
117.5001	1	1	1	1
117.6183	1	1	1	1
118.2395	1	1	1	1
118.5617	1	1	1	1
119.5788	1	1	1	1
120.2752	1	1	1	1
120.579	1	1	1	1
121.6673	1	1	1	1
121.7972	1	1	1	1
122.4806	1	1	1	1
122.6757	1	1	1	1
123.7057	1	1	1	1
124.6415	1	1	1	1
124.7549	1	1	1	1
125.806	1	1	1	1
126.2234	1	1	1	1
126.8276	1	1	1	1
126.8301	1	1	1	1
127.8781	1	1	1	1
128.924	1	1	1	1
128.9797	1	1	1	1
129.9606	1	1	1	1
130.6934	1	1	1	1
130.9974	1	1	1	1
131.1595	1	1	1	1
132.0411	1	1	1	1
133.0932	1	1	1	1
133.2768	1	1	1	1
134.1119	1	1	1	1
134.9166	1	1	1	1
135.1591	1	1	1	1
135.3936	1	1	1	1
136.1884	1	1	1	1
137.1996	1	1	1	1
137.549	1	1	1	1
138.2612	1	1	1	1
139.3061	1	1	1	1
139.3176	1	1	1	1
139.7079	1	1	1	1
140.3707	1	1	1	1
141.431	1	1	1	1
141.8794	1	1	1	1
142.5013	1	1	1	1
143.5067	1	1	1	1
143.6006	1	1	1	1
144.0548	1	1	1	1
144.5182	1	1	1	1
145.554	1	1	1	1
146.157	1	1	1	1
146.5601	1	1	1	1
147.6146	1	1	1	1
147.9603	1	1	1	1
148.2756	1	1	1	1
148.608	1	1	1	1
149.6426	1	1	1	1
150.4184	1	1	1	1
150.6749	1	1	1	1
151.6868	1	1	1	1
152.3506	1	1	1	1
152.4983	1	1	1	1
152.7871	1	1	1	1
153.7323	1	1	1	1
154.659	1	1	1	1
154.7758	1	1	1	1
155.8154	1	1	1	1
156.5137	1	1	1	1
156.783	1	1	1	1
156.8453	1	1	1	1
157.878	1	1	1	1
158.9046	1	1	1	1
158.9128	1	1	1	1
159.9082	1	1	1	1
160.9201	1	1	1	1
160.9204	1	1	1	1
160.9867	1	1	1	1
161.9569	1	1	1	1
162.9713	1	1	1	1
163.1076	1	1	1	1
163.9761	1	1	1	1
165.0207	1	1	1	1
165.0778	1	1	1	1
165.2207	1	1	1	1
166.0327	1	1	1	1
167.3883	1	1	1	1
169.4357	1	1	1	1
169.5083	1	1	1	1
171.6869	1	1	1	1
173.8114	1	1	1	1
173.9068	1	1	1	1
175.8926	1	1	1	1
178.0042	1	1	1	1
178.0607	1	1	1	1
180.0962	1	1	1	1
182.2654	1	1	1	1
182.3451	1	1	1	1
184.379	1	1	1	1
186.4391	1	1	1	1
186.7509	1	1	1	1
188.6301	1	1	1	1
190.7631	1	1	1	1
190.9822	1	1	1	1
192.8641	1	1	1	1
194.9985	1	1	1	1
195.3385	1	1	1	1
197.1522	1	1	1	1
199.2203	1	1	1	1
199.5342	1	1	1	1
201.385	1	1	1	1
203.484	1	1	1	1
203.9341	1	1	1	1
205.6313	1	1	1	1
207.7236	1	1	1	1
208.2609	1	1	1	1
209.7926	1	1	1	1
211.8969	1	1	1	1
212.3871	1	1	1	1
213.9787	1	1	1	1
216.0797	1	1	1	1
216.7599	1	1	1	1
218.2402	1	1	1	1
220.3622	1	1	1	1
220.8698	1	1	1	1
222.4545	1	1	1	1
224.5098	1	1	1	1
225.2003	1	1	1	1
226.5916	1	1	1	1
228.7124	1	1	1	1
229.5361	1	1	1	1
230.778	1	1	1	1
232.8811	1	1	1	1
233.6945	1	1	1	1
234.9741	1	1	1	1
237.0168	1	1	1	1
237.9948	1	1	1	1
239.1485	1	1	1	1
241.2015	1	1	1	1
242.0677	1	1	1	1
243.3247	1	1	1	1
245.4412	1	1	1	1
246.3932	1	1	1	1
247.4597	1	1	1	1
249.6022	1	1	1	1
250.7056	1	1	1	1
251.7338	1	1	1	1
253.8045	1	1	1	1
254.9639	1	1	1	1
255.8708	1	1	1	1
258.002	1	1	1	1
259.1822	1	1	1	1
260.0409	1	1	1	1
262.1884	1	1	1	1
263.427	1	1	1	1
264.2462	1	1	1	1
266.3557	1	1	1	1
267.7419	1	1	1	1
268.4775	1	1	1	1
270.5465	1	1	1	1
271.914	1	1	1	1
272.6167	1	1	1	1
274.6931	1	1	1	1
276.1172	1	1	1	1
276.739	1	1	1	1
278.9065	1	1	1	1
280.3411	1	1	1	1
281.0209	1	1	1	1
283.0087	1	1	1	1
284.5823	1	1	1	1
285.1574	1	1	1	1
287.1866	1	1	1	1
288.8094	1	1	1	1
289.2797	1	1	1	1
291.36	1	1	1	1
293.0216	1	1	1	1
293.5054	1	1	1	1
295.5418	1	1	1	1
297.2609	1	1	1	1
297.6356	1	1	1	1
299.7038	1	1	1	1
301.4047	1	1	1	1
301.7744	1	1	1	1
303.7936	1	1	1	1
305.5632	1	1	1	1
305.8705	1	1	1	1
307.9706	1	1	1	1
309.7969	1	1	1	1
309.9702	1	1	1	1
312.0771	1	1	1	1
313.9973	1	1	1	1
314.1818	1	1	1	1
316.2418	1	1	1	1
318.1593	1	1	1	1
318.2272	1	1	1	1
320.3452	1	1	1	1
322.3227	1	1	1	1
322.4492	1	1	1	1
324.5327	1	1	1	1
326.5173	1	1	1	1
326.5904	1	1	1	1
328.7048	1	1	1	1
330.7006	1	1	1	1
330.803	1	1	1	1
332.8178	1	1	1	1
334.8543	1	1	1	1
334.9778	1	1	1	1
336.9023	1	1	1	1
339.015	1	1	1	1
339.0662	1	1	1	1
343.2696	1	1	1	1
347.4472	1	1	1	1
351.6045	1	1	1	1
355.7526	1	1	1	1
359.9678	1	1	1	1
364.0767	1	1	1	1
368.2682	1	1	1	1
372.39	1	1	1	1
376.5846	1	1	1	1
380.7677	1	1	1	1
384.8564	1	1	1	1
389.0349	1	1	1	1
393.2388	1	1	1	1
397.4047	1	1	1	1
401.3972	1	1	1	1
405.5295	1	1	1	1
409.6788	1	1	1	1
413.7333	1	1	1	1
417.8119	1	1	1	1
421.9384	1	1	1	1
426.0932	1	1	1	1
430.1046	1	1	1	1
434.2104	1	1	1	1
438.3061	1	1	1	1
442.3308	1	1	1	1
446.4834	1	1	1	1
450.5446	1	1	1	1
454.6215	1	1	1	1
458.7728	1	1	1	1
462.7779	1	1	1	1
466.7406	1	1	1	1
470.9267	1	1	1	1
474.9533	1	1	1	1
478.9655	1	1	1	1
483.0162	1	1	1	1
487.1091	1	1	1	1
491.0819	1	1	1	1
495.1301	1	1	1	1
499.12	1	1	1	1
503.1019	1	1	1	1
507.1309	1	1	1	1
511.1748	1	1	1	1
515.244	1	1	1	1
519.2464	1	1	1	1
523.2422	1	1	1	1
527.2175	1	1	1	1
531.1901	1	1	1	1
535.1817	1	1	1	1
539.1004	1	1	1	1
543.04	1	1	1	1
547.0438	1	1	1	1
550.8759	1	1	1	1
554.8494	1	1	1	1
558.6772	1	1	1	1
562.5875	1	1	1	1
566.351	1	1	1	1
570.2498	1	1	1	1
573.9358	1	1	1	1
577.7055	1	1	1	1
581.3462	1	1	1	1
584.9758	1	1	1	1
588.5562	1	1	1	1
591.9634	1	1	1	1
595.3531	1	1	1	1
598.5529	1	1	1	1
601.7225	1	1	1	1
604.742	1	1	1	1
607.61	1	1	1	1
610.2543	1	1	1	1
612.7787	1	1	1	1
615.1064	1	1	1	1
617.3615	1	1	1	1
619.4173	1	1	1	1
621.2181	1	1	1	1
622.8647	1	1	1	1
624.3622	1	1	1	1
625.6909	1	1	1	1
626.8799	1	1	1	1
627.9001	1	1	1	1
628.8324	1	1	1	1
629.5458	1	1	1	1
